camera_matrix:
- - 491.65371379543507
  - 0.0
  - 300.5267600271762
- - 0.0
  - 489.50254997766126
  - 249.3440502020439
- - 0.0
  - 0.0
  - 1.0
dist_coeffs:
- - 0.09223540242511451
  - -0.08109243835483078
  - 0.0022197529472876504
  - -0.0017253868809259116
  - -0.12533616066143363
reprojection_error: 0.06766968454749238
