camera_matrix:
- - 714.9199755874305
  - 0.0
  - 354.4380105887537
- - 0.0
  - 715.2231562188343
  - 226.1439801743778
- - 0.0
  - 0.0
  - 1.0
dist_coeffs:
- - -0.15781026869102965
  - 1.583778819087774
  - -0.011256244004513636
  - 0.011363172123126099
  - -4.632718536609601
reprojection_error: 0.07864302254999168
