camera_matrix:
- - 491.65399190188776
  - 0.0
  - 300.52669253739816
- - 0.0
  - 489.5028362385541
  - 249.3440658721156
- - 0.0
  - 0.0
  - 1.0
dist_coeffs:
- - 0.09223592303784699
  - -0.08109537516410625
  - 0.0022197618549477053
  - -0.0017254355613978967
  - -0.12533157585502247
reprojection_error: 0.06766963251657007
